100
85
13
90
32
4
84
9
92
26
10
34
46
99
36
61
36
86
92
17
76
83
58
3
43
4
26
55
28
36
46
82
3
100
22
6
62
23
40
26
32
3
48
100
93
72
81
89
42
21
91
26
47
81
54
91
76
23
42
24
38
57
34
2
12
15
67
45
79
85
70
75
20
3
67
19
24
11
96
91
31
82
70
47
63
45
3
83
12
17
14
16
18
67
14
58
7
13
32
17
50
100
85
13
90
32
4
84
9
92
26
10
34
46
99
36
61
36
86
92
17
76
83
58
3
43
4
26
55
28
36
46
82
3
100
22
6
62
23
40
26
32
3
48
100
93
72
81
89
42
21
91
26
47
81
54
91
76
23
42
24
38
57
34
2
12
15
67
45
79
85
70
75
20
3
67
19
24
11
96
91
31
82
70
47
63
45
3
83
12
17
14
16
18
67
14
58
7
13
32
17
50
100
85
13
90
32
4
84
9
92
26
10
34
46
99
36
61
36
86
92
17
76
83
58
3
43
4
26
55
28
36
46
82
3
100
22
6
62
23
40
26
32
3
48
100
93
72
81
89
42
21
91
26
47
81
54
91
76
23
42
24
38
57
34
2
12
15
67
45
79
85
70
75
20
3
67
19
24
11
96
91
31
82
70
47
63
45
3
83
12
17
14
16
18
67
14
58
7
13
32
17
50
100
85
13
90
32
4
84
9
92
26
10
34
46
99
36
61
36
86
92
17
76
83
58
3
43
4
26
55
28
36
46
82
3
100
22
6
62
23
40
26
32
3
48
100
93
72
81
89
42
21
91
26
47
81
54
91
76
23
42
24
38
57
34
2
12
15
67
45
79
85
70
75
20
3
67
19
24
11
96
91
31
82
70
47
63
45
3
83
12
17
14
16
18
67
14
58
7
13
32
17
50
100
85
13
90
32
4
84
9
92
26
10
34
46
99
36
61
36
86
92
17
76
83
58
3
43
4
26
55
28
36
46
82
3
100
22
6
62
23
40
26
32
3
48
100
93
72
81
89
42
21
91
26
47
81
54
91
76
23
42
24
38
57
34
2
12
15
67
45
79
85
70
75
20
3
67
19
24
11
96
91
31
82
70
47
63
45
3
83
12
17
14
16
18
67
14
58
7
13
32
17
50
100
85
13
90
32
4
84
9
92
26
10
34
46
99
36
61
36
86
92
17
76
83
58
3
43
4
26
55
28
36
46
82
3
100
22
6
62
23
40
26
32
3
48
100
93
72
81
89
42
21
91
26
47
81
54
91
76
23
42
24
38
57
34
2
12
15
67
45
79
85
70
75
20
3
67
19
24
11
96
91
31
82
70
47
63
45
3
83
12
17
14
16
18
67
14
58
7
13
32
17
50
100
85
13
90
32
4
84
9
92
26
10
34
46
99
36
61
36
86
92
17
76
83
58
3
43
4
26
55
28
36
46
82
3
100
22
6
62
23
40
26
32
3
48
100
93
72
81
89
42
21
91
26
47
81
54
91
76
23
42
24
38
57
34
2
12
15
67
45
79
85
70
75
20
3
67
19
24
11
96
91
31
82
70
47
63
45
3
83
12
17
14
16
18
67
14
58
7
13
32
17
50
100
85
13
90
32
4
84
9
92
26
10
34
46
99
36
61
36
86
92
17
76
83
58
3
43
4
26
55
28
36
46
82
3
100
22
6
62
23
40
26
32
3
48
100
93
72
81
89
42
21
91
26
47
81
54
91
76
23
42
24
38
57
34
2
12
15
67
45
79
85
70
75
20
3
67
19
24
11
96
91
31
82
70
47
63
45
3
83
12
17
14
16
18
67
14
58
7
13
32
17
50
100
85
13
90
32
4
84
9
92
26
10
34
46
99
36
61
36
86
92
17
76
83
58
3
43
4
26
55
28
36
46
82
3
100
22
6
62
23
40
26
32
3
48
100
93
72
81
89
42
21
91
26
47
81
54
91
76
23
42
24
38
57
34
2
12
15
67
45
79
85
70
75
20
3
67
19
24
11
96
91
31
82
70
47
63
45
3
83
12
17
14
16
18
67
14
58
7
13
32
17
50
100
85
13
90
32
4
84
9
92
26
10
34
46
99
36
61
36
86
92
17
76
83
58
3
43
4
26
55
28
36
46
82
3
100
22
6
62
23
40
26
32
3
48
100
93
72
81
89
42
21
91
26
47
81
54
91
76
23
42
24
38
57
34
2
12
15
67
45
79
85
70
75
20
3
67
19
24
11
96
91
31
82
70
47
63
45
3
83
12
17
19